{
  "generated_at": "2026-02-10T02:31:09.709134",
  "data_source": "Real survey data from CSV files (2023-2026)",
  "model_version": "enhanced_v2",
  "total_respondents": 800,
  "years_included": [
    2023,
    2024,
    2025,
    2026
  ],
  "dimensions": [
    {
      "code": "D01",
      "name": "Sentimiento de Pertenencia",
      "short": "Orgullo Inst",
      "internal_code": "orgullo_institucional"
    },
    {
      "code": "D02",
      "name": "Innovación y Gestión del Cambio",
      "short": "Innovación y",
      "internal_code": "innovacion_cambio"
    },
    {
      "code": "D03",
      "name": "Propósito del Trabajo",
      "short": "Propósito de",
      "internal_code": "proposito_trabajo"
    },
    {
      "code": "D04",
      "name": "Seguridad Laboral",
      "short": "Seguridad Fí",
      "internal_code": "seguridad_fisica"
    },
    {
      "code": "D05",
      "name": "Trabajo en Equipo",
      "short": "Cohesión de ",
      "internal_code": "cohesion_equipo"
    },
    {
      "code": "D06",
      "name": "Autonomía",
      "short": "Autonomía",
      "internal_code": "autonomia"
    },
    {
      "code": "D07",
      "name": "Liderazgo Efectivo",
      "short": "Liderazgo Ef",
      "internal_code": "liderazgo_efectivo"
    },
    {
      "code": "D08",
      "name": "Comunicación Interna",
      "short": "Comunicación",
      "internal_code": "comunicacion_interna"
    },
    {
      "code": "D09",
      "name": "Balance Vida-Trabajo",
      "short": "Balance Vida",
      "internal_code": "balance_vida_trabajo"
    },
    {
      "code": "D10",
      "name": "Desarrollo Profesional",
      "short": "Desarrollo P",
      "internal_code": "desarrollo_profesional"
    },
    {
      "code": "D11",
      "name": "Equidad en Ascensos",
      "short": "Equidad en A",
      "internal_code": "equidad_ascensos"
    },
    {
      "code": "D12",
      "name": "Compensación",
      "short": "Compensación",
      "internal_code": "compensacion"
    },
    {
      "code": "D13",
      "name": "Reconocimiento",
      "short": "Reconocimien",
      "internal_code": "reconocimiento"
    },
    {
      "code": "D14",
      "name": "Beneficios Exclusivos",
      "short": "Beneficios E",
      "internal_code": "beneficios_exclusivos"
    },
    {
      "code": "D15",
      "name": "Engagement Global",
      "short": "Engagement G",
      "internal_code": "engagement_global"
    }
  ],
  "correlation_matrix": [
    [
      1.0,
      0.33,
      0.54,
      0.54,
      0.61,
      0.11,
      0.44,
      0.42,
      0.43,
      0.71,
      0.48,
      0.6,
      0.66,
      0.5,
      0.76
    ],
    [
      0.33,
      1.0,
      0.22,
      0.01,
      0.21,
      0.07,
      -0.02,
      0.12,
      0.16,
      0.23,
      0.16,
      0.13,
      0.12,
      0.15,
      0.24
    ],
    [
      0.54,
      0.22,
      1.0,
      0.53,
      0.43,
      0.08,
      0.16,
      0.28,
      0.16,
      0.52,
      0.49,
      0.5,
      0.48,
      0.4,
      0.67
    ],
    [
      0.54,
      0.01,
      0.53,
      1.0,
      0.52,
      0.16,
      0.31,
      0.42,
      0.32,
      0.57,
      0.42,
      0.56,
      0.45,
      0.39,
      0.48
    ],
    [
      0.61,
      0.21,
      0.43,
      0.52,
      1.0,
      0.15,
      0.55,
      0.41,
      0.39,
      0.68,
      0.52,
      0.7,
      0.68,
      0.52,
      0.72
    ],
    [
      0.11,
      0.07,
      0.08,
      0.16,
      0.15,
      1.0,
      0.26,
      0.25,
      0.17,
      0.18,
      0.16,
      0.23,
      0.17,
      0.17,
      0.04
    ],
    [
      0.44,
      -0.02,
      0.16,
      0.31,
      0.55,
      0.26,
      1.0,
      0.77,
      0.45,
      0.38,
      0.58,
      0.46,
      0.56,
      0.25,
      0.4
    ],
    [
      0.42,
      0.12,
      0.28,
      0.42,
      0.41,
      0.25,
      0.77,
      1.0,
      0.32,
      0.38,
      0.46,
      0.51,
      0.49,
      0.23,
      0.38
    ],
    [
      0.43,
      0.16,
      0.16,
      0.32,
      0.39,
      0.17,
      0.45,
      0.32,
      1.0,
      0.35,
      0.31,
      0.44,
      0.47,
      0.45,
      0.28
    ],
    [
      0.71,
      0.23,
      0.52,
      0.57,
      0.68,
      0.18,
      0.38,
      0.38,
      0.35,
      1.0,
      0.48,
      0.52,
      0.69,
      0.34,
      0.76
    ],
    [
      0.48,
      0.16,
      0.49,
      0.42,
      0.52,
      0.16,
      0.58,
      0.46,
      0.31,
      0.48,
      1.0,
      0.61,
      0.62,
      0.57,
      0.6
    ],
    [
      0.6,
      0.13,
      0.5,
      0.56,
      0.7,
      0.23,
      0.46,
      0.51,
      0.44,
      0.52,
      0.61,
      1.0,
      0.83,
      0.55,
      0.65
    ],
    [
      0.66,
      0.12,
      0.48,
      0.45,
      0.68,
      0.17,
      0.56,
      0.49,
      0.47,
      0.69,
      0.62,
      0.83,
      1.0,
      0.68,
      0.63
    ],
    [
      0.5,
      0.15,
      0.4,
      0.39,
      0.52,
      0.17,
      0.25,
      0.23,
      0.45,
      0.34,
      0.57,
      0.55,
      0.68,
      1.0,
      0.6
    ],
    [
      0.76,
      0.24,
      0.67,
      0.48,
      0.72,
      0.04,
      0.4,
      0.38,
      0.28,
      0.76,
      0.6,
      0.65,
      0.63,
      0.6,
      1.0
    ]
  ],
  "pvalue_matrix": [
    [
      1.0,
      0.0,
      0.0,
      0.0,
      0.0,
      0.0,
      0.0,
      0.0,
      0.0,
      0.0,
      0.0,
      0.0,
      0.0,
      0.0,
      0.0
    ],
    [
      0.0,
      1.0,
      0.0,
      0.0001,
      0.0,
      0.0047,
      0.0183,
      0.0,
      0.0071,
      0.0,
      0.0021,
      0.0018,
      0.0014,
      0.0,
      0.0
    ],
    [
      0.0,
      0.0,
      1.0,
      0.0,
      0.0,
      0.0001,
      0.0,
      0.0,
      0.0,
      0.0,
      0.0,
      0.0,
      0.0,
      0.0,
      0.0
    ],
    [
      0.0,
      0.0001,
      0.0,
      1.0,
      0.0,
      0.0015,
      0.0,
      0.0,
      0.0,
      0.0,
      0.0,
      0.0,
      0.0,
      0.0,
      0.0
    ],
    [
      0.0,
      0.0,
      0.0,
      0.0,
      1.0,
      0.0,
      0.0,
      0.0,
      0.0,
      0.0,
      0.0,
      0.0,
      0.0,
      0.0,
      0.0
    ],
    [
      0.0,
      0.0047,
      0.0001,
      0.0015,
      0.0,
      1.0,
      0.0,
      0.0,
      0.0,
      0.0,
      0.0,
      0.0,
      0.0,
      0.006,
      0.0001
    ],
    [
      0.0,
      0.0183,
      0.0,
      0.0,
      0.0,
      0.0,
      1.0,
      0.0,
      0.0,
      0.0,
      0.0,
      0.0,
      0.0,
      0.0,
      0.0
    ],
    [
      0.0,
      0.0,
      0.0,
      0.0,
      0.0,
      0.0,
      0.0,
      1.0,
      0.0,
      0.0,
      0.0,
      0.0,
      0.0,
      0.0,
      0.0
    ],
    [
      0.0,
      0.0071,
      0.0,
      0.0,
      0.0,
      0.0,
      0.0,
      0.0,
      1.0,
      0.0,
      0.0,
      0.0,
      0.0,
      0.0,
      0.0
    ],
    [
      0.0,
      0.0,
      0.0,
      0.0,
      0.0,
      0.0,
      0.0,
      0.0,
      0.0,
      1.0,
      0.0,
      0.0,
      0.0,
      0.0,
      0.0
    ],
    [
      0.0,
      0.0021,
      0.0,
      0.0,
      0.0,
      0.0,
      0.0,
      0.0,
      0.0,
      0.0,
      1.0,
      0.0,
      0.0,
      0.0,
      0.0
    ],
    [
      0.0,
      0.0018,
      0.0,
      0.0,
      0.0,
      0.0,
      0.0,
      0.0,
      0.0,
      0.0,
      0.0,
      1.0,
      0.0,
      0.0,
      0.0
    ],
    [
      0.0,
      0.0014,
      0.0,
      0.0,
      0.0,
      0.0,
      0.0,
      0.0,
      0.0,
      0.0,
      0.0,
      0.0,
      1.0,
      0.0,
      0.0
    ],
    [
      0.0,
      0.0,
      0.0,
      0.0,
      0.0,
      0.006,
      0.0,
      0.0,
      0.0,
      0.0,
      0.0,
      0.0,
      0.0,
      1.0,
      0.0
    ],
    [
      0.0,
      0.0,
      0.0,
      0.0,
      0.0,
      0.0001,
      0.0,
      0.0,
      0.0,
      0.0,
      0.0,
      0.0,
      0.0,
      0.0,
      1.0
    ]
  ],
  "ci_lower_matrix": [
    [
      0.0,
      0.157,
      0.54,
      0.462,
      0.676,
      0.091,
      0.294,
      0.275,
      0.303,
      0.592,
      0.418,
      0.518,
      0.541,
      0.407,
      0.75
    ],
    [
      0.202,
      0.0,
      0.166,
      0.08,
      0.158,
      0.03,
      0.015,
      0.103,
      -0.03,
      0.141,
      0.056,
      0.039,
      0.062,
      0.182,
      0.157
    ],
    [
      0.594,
      0.188,
      0.0,
      0.391,
      0.517,
      0.09,
      0.206,
      0.209,
      0.17,
      0.45,
      0.339,
      0.413,
      0.452,
      0.365,
      0.528
    ],
    [
      0.491,
      0.084,
      0.389,
      0.0,
      0.51,
      0.035,
      0.323,
      0.252,
      0.304,
      0.44,
      0.372,
      0.444,
      0.47,
      0.392,
      0.456
    ],
    [
      0.676,
      0.164,
      0.517,
      0.518,
      0.0,
      0.14,
      0.397,
      0.362,
      0.244,
      0.564,
      0.524,
      0.561,
      0.623,
      0.45,
      0.677
    ],
    [
      0.097,
      0.038,
      0.076,
      0.049,
      0.141,
      0.0,
      0.156,
      0.183,
      0.094,
      0.086,
      0.102,
      0.101,
      0.106,
      0.041,
      0.081
    ],
    [
      0.301,
      0.018,
      0.212,
      0.345,
      0.417,
      0.17,
      0.0,
      0.667,
      0.395,
      0.357,
      0.41,
      0.428,
      0.453,
      0.257,
      0.306
    ],
    [
      0.268,
      0.122,
      0.194,
      0.248,
      0.382,
      0.212,
      0.692,
      0.0,
      0.3,
      0.331,
      0.356,
      0.432,
      0.377,
      0.244,
      0.279
    ],
    [
      0.309,
      0.032,
      0.184,
      0.311,
      0.278,
      0.088,
      0.406,
      0.304,
      0.0,
      0.289,
      0.288,
      0.38,
      0.357,
      0.284,
      0.242
    ],
    [
      0.629,
      0.144,
      0.514,
      0.458,
      0.588,
      0.097,
      0.349,
      0.313,
      0.293,
      0.0,
      0.37,
      0.376,
      0.467,
      0.334,
      0.585
    ],
    [
      0.42,
      0.049,
      0.345,
      0.389,
      0.521,
      0.092,
      0.423,
      0.389,
      0.286,
      0.389,
      0.0,
      0.623,
      0.625,
      0.398,
      0.44
    ],
    [
      0.512,
      0.051,
      0.408,
      0.442,
      0.562,
      0.09,
      0.433,
      0.423,
      0.379,
      0.42,
      0.612,
      0.0,
      0.74,
      0.587,
      0.534
    ],
    [
      0.537,
      0.054,
      0.444,
      0.457,
      0.627,
      0.124,
      0.45,
      0.386,
      0.344,
      0.484,
      0.625,
      0.746,
      0.0,
      0.552,
      0.571
    ],
    [
      0.428,
      0.163,
      0.367,
      0.389,
      0.47,
      0.031,
      0.253,
      0.25,
      0.276,
      0.334,
      0.413,
      0.603,
      0.543,
      0.0,
      0.448
    ],
    [
      0.768,
      0.185,
      0.561,
      0.473,
      0.68,
      0.083,
      0.308,
      0.289,
      0.281,
      0.609,
      0.447,
      0.557,
      0.58,
      0.449,
      0.0
    ]
  ],
  "ci_upper_matrix": [
    [
      0.0,
      0.38,
      0.737,
      0.608,
      0.768,
      0.257,
      0.468,
      0.451,
      0.453,
      0.734,
      0.565,
      0.633,
      0.648,
      0.546,
      0.839
    ],
    [
      0.36,
      0.0,
      0.347,
      0.24,
      0.339,
      0.191,
      0.185,
      0.286,
      0.211,
      0.288,
      0.215,
      0.237,
      0.233,
      0.344,
      0.359
    ],
    [
      0.686,
      0.347,
      0.0,
      0.515,
      0.636,
      0.224,
      0.389,
      0.334,
      0.347,
      0.657,
      0.479,
      0.523,
      0.556,
      0.492,
      0.677
    ],
    [
      0.601,
      0.251,
      0.513,
      0.0,
      0.637,
      0.21,
      0.49,
      0.415,
      0.457,
      0.616,
      0.504,
      0.583,
      0.583,
      0.555,
      0.609
    ],
    [
      0.752,
      0.325,
      0.622,
      0.623,
      0.0,
      0.294,
      0.537,
      0.501,
      0.426,
      0.706,
      0.619,
      0.669,
      0.713,
      0.591,
      0.757
    ],
    [
      0.249,
      0.207,
      0.228,
      0.203,
      0.29,
      0.0,
      0.32,
      0.368,
      0.237,
      0.257,
      0.264,
      0.233,
      0.27,
      0.186,
      0.233
    ],
    [
      0.436,
      0.187,
      0.356,
      0.475,
      0.538,
      0.317,
      0.0,
      0.776,
      0.576,
      0.495,
      0.561,
      0.575,
      0.561,
      0.413,
      0.439
    ],
    [
      0.406,
      0.286,
      0.339,
      0.389,
      0.507,
      0.356,
      0.765,
      0.0,
      0.456,
      0.479,
      0.528,
      0.542,
      0.518,
      0.401,
      0.431
    ],
    [
      0.443,
      0.201,
      0.33,
      0.445,
      0.415,
      0.24,
      0.528,
      0.439,
      0.0,
      0.429,
      0.427,
      0.528,
      0.48,
      0.446,
      0.426
    ],
    [
      0.722,
      0.307,
      0.629,
      0.582,
      0.689,
      0.263,
      0.49,
      0.459,
      0.441,
      0.0,
      0.528,
      0.566,
      0.625,
      0.49,
      0.724
    ],
    [
      0.54,
      0.217,
      0.475,
      0.514,
      0.626,
      0.244,
      0.542,
      0.514,
      0.423,
      0.525,
      0.0,
      0.699,
      0.702,
      0.538,
      0.577
    ],
    [
      0.618,
      0.219,
      0.53,
      0.559,
      0.66,
      0.241,
      0.551,
      0.542,
      0.504,
      0.55,
      0.701,
      0.0,
      0.805,
      0.703,
      0.654
    ],
    [
      0.639,
      0.222,
      0.561,
      0.572,
      0.713,
      0.274,
      0.566,
      0.511,
      0.474,
      0.604,
      0.711,
      0.807,
      0.0,
      0.63,
      0.676
    ],
    [
      0.547,
      0.324,
      0.495,
      0.513,
      0.583,
      0.186,
      0.392,
      0.39,
      0.414,
      0.476,
      0.534,
      0.694,
      0.644,
      0.0,
      0.57
    ],
    [
      0.825,
      0.344,
      0.659,
      0.585,
      0.755,
      0.236,
      0.442,
      0.426,
      0.418,
      0.706,
      0.563,
      0.656,
      0.675,
      0.565,
      0.0
    ]
  ],
  "spearman_matrix": [
    [
      0.0,
      0.271,
      0.562,
      0.539,
      0.673,
      0.183,
      0.401,
      0.369,
      0.411,
      0.648,
      0.493,
      0.548,
      0.566,
      0.495,
      0.751
    ],
    [
      0.271,
      0.0,
      0.242,
      0.158,
      0.231,
      0.134,
      0.136,
      0.231,
      0.163,
      0.218,
      0.148,
      0.142,
      0.152,
      0.251,
      0.268
    ],
    [
      0.562,
      0.242,
      0.0,
      0.397,
      0.513,
      0.202,
      0.37,
      0.349,
      0.305,
      0.547,
      0.433,
      0.43,
      0.48,
      0.428,
      0.528
    ],
    [
      0.539,
      0.158,
      0.397,
      0.0,
      0.528,
      0.147,
      0.427,
      0.319,
      0.408,
      0.521,
      0.453,
      0.486,
      0.507,
      0.437,
      0.499
    ],
    [
      0.673,
      0.231,
      0.513,
      0.528,
      0.0,
      0.224,
      0.468,
      0.415,
      0.369,
      0.604,
      0.563,
      0.572,
      0.634,
      0.523,
      0.666
    ],
    [
      0.183,
      0.134,
      0.202,
      0.147,
      0.224,
      0.0,
      0.273,
      0.295,
      0.199,
      0.222,
      0.185,
      0.168,
      0.2,
      0.127,
      0.176
    ],
    [
      0.401,
      0.136,
      0.37,
      0.427,
      0.468,
      0.273,
      0.0,
      0.635,
      0.436,
      0.438,
      0.467,
      0.505,
      0.517,
      0.373,
      0.396
    ],
    [
      0.369,
      0.231,
      0.349,
      0.319,
      0.415,
      0.295,
      0.635,
      0.0,
      0.36,
      0.402,
      0.431,
      0.464,
      0.425,
      0.336,
      0.389
    ],
    [
      0.411,
      0.163,
      0.305,
      0.408,
      0.369,
      0.199,
      0.436,
      0.36,
      0.0,
      0.416,
      0.371,
      0.417,
      0.419,
      0.382,
      0.396
    ],
    [
      0.648,
      0.218,
      0.547,
      0.521,
      0.604,
      0.222,
      0.438,
      0.402,
      0.416,
      0.0,
      0.475,
      0.481,
      0.555,
      0.422,
      0.627
    ],
    [
      0.493,
      0.148,
      0.433,
      0.453,
      0.563,
      0.185,
      0.467,
      0.431,
      0.371,
      0.475,
      0.0,
      0.657,
      0.674,
      0.503,
      0.5
    ],
    [
      0.548,
      0.142,
      0.43,
      0.486,
      0.572,
      0.168,
      0.505,
      0.464,
      0.417,
      0.481,
      0.657,
      0.0,
      0.758,
      0.641,
      0.558
    ],
    [
      0.566,
      0.152,
      0.48,
      0.507,
      0.634,
      0.2,
      0.517,
      0.425,
      0.419,
      0.555,
      0.674,
      0.758,
      0.0,
      0.6,
      0.596
    ],
    [
      0.495,
      0.251,
      0.428,
      0.437,
      0.523,
      0.127,
      0.373,
      0.336,
      0.382,
      0.422,
      0.503,
      0.641,
      0.6,
      0.0,
      0.494
    ],
    [
      0.751,
      0.268,
      0.528,
      0.499,
      0.666,
      0.176,
      0.396,
      0.389,
      0.396,
      0.627,
      0.5,
      0.558,
      0.596,
      0.494,
      0.0
    ]
  ],
  "r_squared_matrix": [
    [
      1.0,
      0.08,
      0.412,
      0.301,
      0.513,
      0.03,
      0.137,
      0.115,
      0.143,
      0.46,
      0.232,
      0.322,
      0.349,
      0.24,
      0.637
    ],
    [
      0.08,
      1.0,
      0.072,
      0.028,
      0.061,
      0.015,
      0.011,
      0.042,
      0.014,
      0.052,
      0.018,
      0.019,
      0.019,
      0.06,
      0.071
    ],
    [
      0.412,
      0.072,
      1.0,
      0.206,
      0.327,
      0.023,
      0.082,
      0.072,
      0.067,
      0.33,
      0.17,
      0.222,
      0.254,
      0.188,
      0.375
    ],
    [
      0.301,
      0.028,
      0.206,
      1.0,
      0.328,
      0.016,
      0.17,
      0.102,
      0.144,
      0.273,
      0.206,
      0.252,
      0.267,
      0.206,
      0.282
    ],
    [
      0.513,
      0.061,
      0.327,
      0.328,
      1.0,
      0.047,
      0.23,
      0.199,
      0.121,
      0.412,
      0.331,
      0.376,
      0.452,
      0.279,
      0.518
    ],
    [
      0.03,
      0.015,
      0.023,
      0.016,
      0.047,
      1.0,
      0.06,
      0.082,
      0.027,
      0.033,
      0.029,
      0.028,
      0.04,
      0.012,
      0.026
    ],
    [
      0.137,
      0.011,
      0.082,
      0.17,
      0.23,
      0.06,
      1.0,
      0.533,
      0.22,
      0.178,
      0.235,
      0.244,
      0.261,
      0.105,
      0.142
    ],
    [
      0.115,
      0.042,
      0.072,
      0.102,
      0.199,
      0.082,
      0.533,
      1.0,
      0.14,
      0.151,
      0.206,
      0.235,
      0.203,
      0.104,
      0.129
    ],
    [
      0.143,
      0.014,
      0.067,
      0.144,
      0.121,
      0.027,
      0.22,
      0.14,
      1.0,
      0.137,
      0.127,
      0.197,
      0.169,
      0.12,
      0.123
    ],
    [
      0.46,
      0.052,
      0.33,
      0.273,
      0.412,
      0.033,
      0.178,
      0.151,
      0.137,
      1.0,
      0.211,
      0.238,
      0.299,
      0.166,
      0.436
    ],
    [
      0.232,
      0.018,
      0.17,
      0.206,
      0.331,
      0.029,
      0.235,
      0.206,
      0.127,
      0.211,
      1.0,
      0.434,
      0.45,
      0.227,
      0.258
    ],
    [
      0.322,
      0.019,
      0.222,
      0.252,
      0.376,
      0.028,
      0.244,
      0.235,
      0.197,
      0.238,
      0.434,
      1.0,
      0.606,
      0.424,
      0.371
    ],
    [
      0.349,
      0.019,
      0.254,
      0.267,
      0.452,
      0.04,
      0.261,
      0.203,
      0.169,
      0.299,
      0.45,
      0.606,
      1.0,
      0.355,
      0.397
    ],
    [
      0.24,
      0.06,
      0.188,
      0.206,
      0.279,
      0.012,
      0.105,
      0.104,
      0.12,
      0.166,
      0.227,
      0.424,
      0.355,
      1.0,
      0.259
    ],
    [
      0.637,
      0.071,
      0.375,
      0.282,
      0.518,
      0.026,
      0.142,
      0.129,
      0.123,
      0.436,
      0.258,
      0.371,
      0.397,
      0.259,
      1.0
    ]
  ],
  "effect_size_matrix": [
    [
      "perfect",
      "small",
      "large",
      "large",
      "very_large",
      "small",
      "medium",
      "medium",
      "medium",
      "large",
      "medium",
      "large",
      "large",
      "medium",
      "very_large"
    ],
    [
      "small",
      "perfect",
      "small",
      "small",
      "small",
      "small",
      "small",
      "small",
      "small",
      "small",
      "small",
      "small",
      "small",
      "small",
      "small"
    ],
    [
      "large",
      "small",
      "perfect",
      "medium",
      "large",
      "small",
      "small",
      "small",
      "small",
      "large",
      "medium",
      "medium",
      "large",
      "medium",
      "large"
    ],
    [
      "large",
      "small",
      "medium",
      "perfect",
      "large",
      "small",
      "medium",
      "medium",
      "medium",
      "large",
      "medium",
      "large",
      "large",
      "medium",
      "large"
    ],
    [
      "very_large",
      "small",
      "large",
      "large",
      "perfect",
      "small",
      "medium",
      "medium",
      "medium",
      "large",
      "large",
      "large",
      "large",
      "large",
      "very_large"
    ],
    [
      "small",
      "small",
      "small",
      "small",
      "small",
      "perfect",
      "small",
      "small",
      "small",
      "small",
      "small",
      "small",
      "small",
      "small",
      "small"
    ],
    [
      "medium",
      "small",
      "small",
      "medium",
      "medium",
      "small",
      "perfect",
      "very_large",
      "medium",
      "medium",
      "medium",
      "medium",
      "large",
      "medium",
      "medium"
    ],
    [
      "medium",
      "small",
      "small",
      "medium",
      "medium",
      "small",
      "very_large",
      "perfect",
      "medium",
      "medium",
      "medium",
      "medium",
      "medium",
      "medium",
      "medium"
    ],
    [
      "medium",
      "small",
      "small",
      "medium",
      "medium",
      "small",
      "medium",
      "medium",
      "perfect",
      "medium",
      "medium",
      "medium",
      "medium",
      "medium",
      "medium"
    ],
    [
      "large",
      "small",
      "large",
      "large",
      "large",
      "small",
      "medium",
      "medium",
      "medium",
      "perfect",
      "medium",
      "medium",
      "large",
      "medium",
      "large"
    ],
    [
      "medium",
      "small",
      "medium",
      "medium",
      "large",
      "small",
      "medium",
      "medium",
      "medium",
      "medium",
      "perfect",
      "large",
      "large",
      "medium",
      "large"
    ],
    [
      "large",
      "small",
      "medium",
      "large",
      "large",
      "small",
      "medium",
      "medium",
      "medium",
      "medium",
      "large",
      "perfect",
      "very_large",
      "large",
      "large"
    ],
    [
      "large",
      "small",
      "large",
      "large",
      "large",
      "small",
      "large",
      "medium",
      "medium",
      "large",
      "large",
      "very_large",
      "perfect",
      "large",
      "large"
    ],
    [
      "medium",
      "small",
      "medium",
      "medium",
      "large",
      "small",
      "medium",
      "medium",
      "medium",
      "medium",
      "medium",
      "large",
      "large",
      "perfect",
      "large"
    ],
    [
      "very_large",
      "small",
      "large",
      "large",
      "very_large",
      "small",
      "medium",
      "medium",
      "medium",
      "large",
      "large",
      "large",
      "large",
      "large",
      "perfect"
    ]
  ],
  "sample_size_matrix": [
    [
      0,
      525,
      629,
      629,
      630,
      630,
      630,
      630,
      630,
      525,
      629,
      630,
      629,
      630,
      630
    ],
    [
      525,
      0,
      524,
      524,
      525,
      525,
      525,
      525,
      525,
      525,
      524,
      525,
      524,
      525,
      525
    ],
    [
      629,
      524,
      0,
      628,
      629,
      629,
      629,
      629,
      629,
      524,
      628,
      629,
      628,
      629,
      629
    ],
    [
      629,
      524,
      628,
      0,
      629,
      629,
      629,
      629,
      629,
      524,
      628,
      629,
      628,
      629,
      629
    ],
    [
      630,
      525,
      629,
      629,
      0,
      630,
      630,
      630,
      630,
      525,
      629,
      630,
      629,
      630,
      630
    ],
    [
      630,
      525,
      629,
      629,
      630,
      0,
      630,
      630,
      630,
      525,
      629,
      630,
      629,
      630,
      630
    ],
    [
      630,
      525,
      629,
      629,
      630,
      630,
      0,
      630,
      630,
      525,
      629,
      630,
      629,
      630,
      630
    ],
    [
      630,
      525,
      629,
      629,
      630,
      630,
      630,
      0,
      630,
      525,
      629,
      630,
      629,
      630,
      630
    ],
    [
      630,
      525,
      629,
      629,
      630,
      630,
      630,
      630,
      0,
      525,
      629,
      630,
      629,
      630,
      630
    ],
    [
      525,
      525,
      524,
      524,
      525,
      525,
      525,
      525,
      525,
      0,
      524,
      525,
      524,
      525,
      525
    ],
    [
      629,
      524,
      628,
      628,
      629,
      629,
      629,
      629,
      629,
      524,
      0,
      629,
      629,
      629,
      629
    ],
    [
      630,
      525,
      629,
      629,
      630,
      630,
      630,
      630,
      630,
      525,
      629,
      0,
      629,
      630,
      630
    ],
    [
      629,
      524,
      628,
      628,
      629,
      629,
      629,
      629,
      629,
      524,
      629,
      629,
      0,
      629,
      629
    ],
    [
      630,
      525,
      629,
      629,
      630,
      630,
      630,
      630,
      630,
      525,
      629,
      630,
      629,
      0,
      630
    ],
    [
      630,
      525,
      629,
      629,
      630,
      630,
      630,
      630,
      630,
      525,
      629,
      630,
      629,
      630,
      0
    ]
  ],
  "detailed_correlations": [
    {
      "dim1": "orgullo_institucional",
      "dim2": "engagement_global",
      "dim1_name": "Sentimiento de Pertenencia",
      "dim2_name": "Engagement Global",
      "r": 0.798,
      "adjusted_r": 0.798,
      "partial_r": 0.798,
      "spearman": 0.751,
      "p_value": 0.0,
      "r_squared": 0.637,
      "ci_lower": 0.75,
      "ci_upper": 0.839,
      "effect_size": "very_large",
      "n": 630,
      "is_significant": true,
      "nonlinear": {
        "is_nonlinear": false,
        "curvature": 0.06628221068236702,
        "optimal_transform": "quadratic",
        "linear_r2": 0.6367458000393138,
        "quadratic_r2": 0.6397991322230616
      },
      "segments": {
        "by_year": {
          "2023": {
            "r": 0.7063064783596898,
            "n": 105,
            "significant": true
          },
          "2024": {
            "r": 0.827131410592963,
            "n": 183,
            "significant": true
          },
          "2025": {
            "r": 0.8143581848591791,
            "n": 153,
            "significant": true
          },
          "2026": {
            "r": 0.7470331038704154,
            "n": 189,
            "significant": true
          }
        },
        "by_area": {
          "Operaciones": {
            "r": 0.7933837467505535,
            "n": 99,
            "significant": true
          },
          "Tecnología": {
            "r": 0.6870052029150704,
            "n": 65,
            "significant": true
          },
          "Banca de Personas y Comercial": {
            "r": 0.8696187224057839,
            "n": 46,
            "significant": true
          },
          "Crédito": {
            "r": 0.7952091543192452,
            "n": 35,
            "significant": true
          },
          "Banca Corporativa": {
            "r": 0.7887893583728733,
            "n": 28,
            "significant": true
          }
        }
      }
    },
    {
      "dim1": "compensacion",
      "dim2": "reconocimiento",
      "dim1_name": "Compensación",
      "dim2_name": "Reconocimiento",
      "r": 0.778,
      "adjusted_r": 0.778,
      "partial_r": 0.641,
      "spearman": 0.758,
      "p_value": 0.0,
      "r_squared": 0.606,
      "ci_lower": 0.74,
      "ci_upper": 0.805,
      "effect_size": "very_large",
      "n": 629,
      "is_significant": true,
      "nonlinear": {
        "is_nonlinear": false,
        "curvature": 0.0020450091549551633,
        "optimal_transform": "quadratic",
        "linear_r2": 0.605850208945598,
        "quadratic_r2": 0.6058550785551429
      },
      "segments": {
        "by_year": {
          "2023": {
            "r": 0.787304794372828,
            "n": 105,
            "significant": true
          },
          "2024": {
            "r": 0.773872220532156,
            "n": 183,
            "significant": true
          },
          "2025": {
            "r": 0.8129044748628105,
            "n": 152,
            "significant": true
          },
          "2026": {
            "r": 0.6366244548378965,
            "n": 189,
            "significant": true
          }
        },
        "by_area": {
          "Operaciones": {
            "r": 0.7881926695732755,
            "n": 99,
            "significant": true
          },
          "Tecnología": {
            "r": 0.5532521444156109,
            "n": 65,
            "significant": true
          },
          "Banca de Personas y Comercial": {
            "r": 0.674173195802005,
            "n": 46,
            "significant": true
          },
          "Crédito": {
            "r": 0.6374807430600757,
            "n": 34,
            "significant": true
          },
          "Banca Corporativa": {
            "r": 0.6955479770291295,
            "n": 28,
            "significant": true
          }
        }
      }
    },
    {
      "dim1": "liderazgo_efectivo",
      "dim2": "comunicacion_interna",
      "dim1_name": "Liderazgo Efectivo",
      "dim2_name": "Comunicación Interna",
      "r": 0.73,
      "adjusted_r": 0.73,
      "partial_r": 0.688,
      "spearman": 0.635,
      "p_value": 0.0,
      "r_squared": 0.533,
      "ci_lower": 0.667,
      "ci_upper": 0.776,
      "effect_size": "very_large",
      "n": 630,
      "is_significant": true,
      "nonlinear": {
        "is_nonlinear": false,
        "curvature": -0.058319163781146516,
        "optimal_transform": "quadratic",
        "linear_r2": 0.5334803627431703,
        "quadratic_r2": 0.539201247524413
      },
      "segments": {
        "by_year": {
          "2023": {
            "r": 0.7081495339938769,
            "n": 105,
            "significant": true
          },
          "2024": {
            "r": 0.688882664923574,
            "n": 183,
            "significant": true
          },
          "2025": {
            "r": 0.8235889619651725,
            "n": 153,
            "significant": true
          },
          "2026": {
            "r": 0.5950589927789114,
            "n": 189,
            "significant": true
          }
        },
        "by_area": {
          "Operaciones": {
            "r": 0.6408653515188394,
            "n": 99,
            "significant": true
          },
          "Tecnología": {
            "r": 0.54919689586753,
            "n": 65,
            "significant": true
          },
          "Banca de Personas y Comercial": {
            "r": 0.41008563279349336,
            "n": 46,
            "significant": true
          },
          "Crédito": {
            "r": 0.8589430500051896,
            "n": 35,
            "significant": true
          },
          "Banca Corporativa": {
            "r": 0.6027820401439999,
            "n": 28,
            "significant": true
          }
        }
      }
    },
    {
      "dim1": "cohesion_equipo",
      "dim2": "engagement_global",
      "dim1_name": "Trabajo en Equipo",
      "dim2_name": "Engagement Global",
      "r": 0.72,
      "adjusted_r": 0.719,
      "partial_r": 0.72,
      "spearman": 0.666,
      "p_value": 0.0,
      "r_squared": 0.518,
      "ci_lower": 0.677,
      "ci_upper": 0.757,
      "effect_size": "very_large",
      "n": 630,
      "is_significant": true,
      "nonlinear": {
        "is_nonlinear": false,
        "curvature": -0.06791376989464051,
        "optimal_transform": "quadratic",
        "linear_r2": 0.5178400505827362,
        "quadratic_r2": 0.5275086018291737
      },
      "segments": {
        "by_year": {
          "2023": {
            "r": 0.7128163066196627,
            "n": 105,
            "significant": true
          },
          "2024": {
            "r": 0.750439091499437,
            "n": 183,
            "significant": true
          },
          "2025": {
            "r": 0.7048018187863098,
            "n": 153,
            "significant": true
          },
          "2026": {
            "r": 0.6307733019574049,
            "n": 189,
            "significant": true
          }
        },
        "by_area": {
          "Operaciones": {
            "r": 0.5776281019869935,
            "n": 99,
            "significant": true
          },
          "Tecnología": {
            "r": 0.4328697555628969,
            "n": 65,
            "significant": true
          },
          "Banca de Personas y Comercial": {
            "r": 0.8422452220318262,
            "n": 46,
            "significant": true
          },
          "Crédito": {
            "r": 0.46885139484535626,
            "n": 35,
            "significant": true
          },
          "Banca Corporativa": {
            "r": 0.7637866978578106,
            "n": 28,
            "significant": true
          }
        }
      }
    },
    {
      "dim1": "orgullo_institucional",
      "dim2": "cohesion_equipo",
      "dim1_name": "Sentimiento de Pertenencia",
      "dim2_name": "Trabajo en Equipo",
      "r": 0.716,
      "adjusted_r": 0.716,
      "partial_r": 0.339,
      "spearman": 0.673,
      "p_value": 0.0,
      "r_squared": 0.513,
      "ci_lower": 0.676,
      "ci_upper": 0.768,
      "effect_size": "very_large",
      "n": 630,
      "is_significant": true,
      "nonlinear": {
        "is_nonlinear": false,
        "curvature": 0.0767122599448335,
        "optimal_transform": "quadratic",
        "linear_r2": 0.5129475227252729,
        "quadratic_r2": 0.5157986977778644
      },
      "segments": {
        "by_year": {
          "2023": {
            "r": 0.6864629882822972,
            "n": 105,
            "significant": true
          },
          "2024": {
            "r": 0.7398780353388339,
            "n": 183,
            "significant": true
          },
          "2025": {
            "r": 0.7296860105012966,
            "n": 153,
            "significant": true
          },
          "2026": {
            "r": 0.6136389528110924,
            "n": 189,
            "significant": true
          }
        },
        "by_area": {
          "Operaciones": {
            "r": 0.6664987861419496,
            "n": 99,
            "significant": true
          },
          "Tecnología": {
            "r": 0.3612710361772617,
            "n": 65,
            "significant": true
          },
          "Banca de Personas y Comercial": {
            "r": 0.8783306846990675,
            "n": 46,
            "significant": true
          },
          "Crédito": {
            "r": 0.504349200734987,
            "n": 35,
            "significant": true
          },
          "Banca Corporativa": {
            "r": 0.5189166204462233,
            "n": 28,
            "significant": true
          }
        }
      }
    },
    {
      "dim1": "orgullo_institucional",
      "dim2": "desarrollo_profesional",
      "dim1_name": "Sentimiento de Pertenencia",
      "dim2_name": "Desarrollo Profesional",
      "r": 0.678,
      "adjusted_r": 0.678,
      "partial_r": 0.322,
      "spearman": 0.648,
      "p_value": 0.0,
      "r_squared": 0.46,
      "ci_lower": 0.592,
      "ci_upper": 0.734,
      "effect_size": "large",
      "n": 525,
      "is_significant": true,
      "nonlinear": {
        "is_nonlinear": false,
        "curvature": 0.0898898775287562,
        "optimal_transform": "quadratic",
        "linear_r2": 0.4597829018206302,
        "quadratic_r2": 0.4654022444153588
      },
      "segments": {
        "by_year": {
          "2023": {
            "r": 0.0,
            "n": 0,
            "significant": false
          },
          "2024": {
            "r": 0.6798979952604718,
            "n": 183,
            "significant": true
          },
          "2025": {
            "r": 0.6819873099371693,
            "n": 153,
            "significant": true
          },
          "2026": {
            "r": 0.6164975346523698,
            "n": 189,
            "significant": true
          }
        },
        "by_area": {
          "Operaciones": {
            "r": 0.6620828170508943,
            "n": 99,
            "significant": true
          },
          "Tecnología": {
            "r": 0.6974585221004543,
            "n": 65,
            "significant": true
          },
          "Banca de Personas y Comercial": {
            "r": 0.8559819671982278,
            "n": 46,
            "significant": true
          },
          "Crédito": {
            "r": 0.5781557345746264,
            "n": 35,
            "significant": true
          },
          "Banca Corporativa": {
            "r": 0.5418359458370684,
            "n": 28,
            "significant": true
          }
        }
      }
    },
    {
      "dim1": "cohesion_equipo",
      "dim2": "reconocimiento",
      "dim1_name": "Trabajo en Equipo",
      "dim2_name": "Reconocimiento",
      "r": 0.672,
      "adjusted_r": 0.672,
      "partial_r": 0.406,
      "spearman": 0.634,
      "p_value": 0.0,
      "r_squared": 0.452,
      "ci_lower": 0.623,
      "ci_upper": 0.713,
      "effect_size": "large",
      "n": 629,
      "is_significant": true,
      "nonlinear": {
        "is_nonlinear": false,
        "curvature": -0.006666853656187451,
        "optimal_transform": "quadratic",
        "linear_r2": 0.45211661276727744,
        "quadratic_r2": 0.4521555767442905
      },
      "segments": {
        "by_year": {
          "2023": {
            "r": 0.6223119574602012,
            "n": 105,
            "significant": true
          },
          "2024": {
            "r": 0.6920973564117395,
            "n": 183,
            "significant": true
          },
          "2025": {
            "r": 0.6854821227328889,
            "n": 152,
            "significant": true
          },
          "2026": {
            "r": 0.5828290091058344,
            "n": 189,
            "significant": true
          }
        },
        "by_area": {
          "Operaciones": {
            "r": 0.6582611091012616,
            "n": 99,
            "significant": true
          },
          "Tecnología": {
            "r": 0.2878548170551135,
            "n": 65,
            "significant": true
          },
          "Banca de Personas y Comercial": {
            "r": 0.6215437358209597,
            "n": 46,
            "significant": true
          },
          "Crédito": {
